1
2
3
4
5
9
9
9
10
10
14
16
16
16
16
17
17
18
18
20
21
22
23
27
27
28
29
30
31
31
34
34
35
36
37
37
39
40
42
43
43
43
44
44
45
46
46
47
47
48
49
49
49
50
52
53
54
54
55
55
57
59
59
59
62
65
65
66
67
67
70
71
71
72
72
76
77
77
78
80
81
81
81
82
82
82
84
84
85
86
86
88
89
89
89
90
91
91
91
91
92
92
92
92
92
93
93
94
94
96
97
98
100
104
105
108
108
110
110
110
111
111
111
112
113
113
114
115
115
117
117
118
118
118
119
121
122
123
124
124
125
125
127
128
128
128
129
130
130
132
136
139
139
140
143
143
144
145
145
145
147
147
150
151
151
152
152
154
157
157
158
158
160
161
163
163
165
167
167
168
168
169
171
172
173
176
178
180
181
181
181
181
181
182
183
184
186
186
186
187
188
189
190
190
190
191
192
193
194
194
197
198
200
200
202
202
202
205
206
206
207
207
208
211
212
212
212
213
214
214
215
216
216
217
220
221
221
221
222
223
227
230
231
232
234
236
237
238
240
241
241
241
242
242
242
248
251
251
252
252
254
254
254
254
255
256
256
258
258
258
258
259
259
262
262
262
264
265
265
267
272
272
274
274
274
275
276
276
278
278
279
279
280
284
285
285
285
287
287
288
289
289
290
290
290
292
292
292
294
295
295
295
297
297
297
298
298
299
299
299
299
300
301
301
301
302
302
302
302
302
303
303
304
307
307
308
308
309
310
311
311
312
312
312
315
315
319
319
321
322
322
325
325
327
329
329
330
331
332
332
335
337
337
340
341
343
345
346
348
349
350
352
352
352
354
356
357
357
357
357
357
359
360
361
362
362
362
363
363
364
364
364
365
367
367
368
369
369
370
371
371
372
372
373
373
375
375
375
378
378
379
380
380
381
381
384
384
387
387
388
389
390
390
390
390
391
391
392
392
394
397
400
401
401
401
403
403
403
406
407
411
411
412
412
412
413
414
414
414
414
416
417
418
418
419
420
421
423
424
425
428
430
431
432
432
434
437
438
438
439
440
440
440
441
441
443
443
443
444
447
448
448
448
451
451
452
456
457
457
457
459
459
459
462
463
463
463
464
466
468
468
469
471
475
476
476
477
480
481
481
483
484
485
485
490
490
491
492
494
494
495
496
496
496
498
499
499
500
501
502
503
504
504
504
504
506
507
511
511
513
514
515
515
515
517
518
519
522
522
523
523
525
527
527
528
528
529
529
531
532
532
532
535
537
539
543
543
546
547
548
550
551
551
551
552
553
554
555
558
558
560
561
561
563
565
566
568
571
574
574
575
575
575
575
575
576
576
577
578
579
581
582
582
583
584
585
585
586
588
588
590
592
593
593
595
597
598
599
601
601
603
603
603
604
605
609
610
610
611
613
614
615
616
616
617
618
621
621
623
624
627
628
629
630
630
631
632
633
633
634
635
636
637
642
643
643
645
646
646
646
647
649
649
650
651
654
655
655
657
658
659
660
660
663
664
666
667
669
671
673
673
674
675
679
684
686
686
686
687
690
691
692
693
693
697
698
700
701
703
703
703
705
705
705
706
706
713
713
713
714
715
716
716
716
719
719
719
724
724
724
725
726
727
729
729
730
732
732
734
735
735
736
737
739
739
741
742
743
744
745
746
747
748
748
749
749
750
750
750
751
752
753
753
754
755
755
756
757
757
758
759
759
760
760
760
762
762
764
765
765
767
767
767
770
770
771
771
773
774
774
774
775
775
776
777
777
778
778
779
780
783
785
786
786
787
789
790
792
793
794
794
794
797
797
798
798
798
801
801
802
803
803
803
805
805
807
808
811
812
812
813
815
818
820
820
820
821
821
821
822
822
822
824
824
826
827
827
828
828
829
830
830
831
831
831
833
834
834
834
835
836
839
840
842
843
844
844
845
846
847
847
848
848
849
850
853
854
855
855
856
858
858
858
858
860
861
861
862
863
865
866
866
866
871
871
874
875
876
877
877
878
882
882
882
883
883
885
885
887
887
888
889
890
891
892
893
894
894
894
896
896
897
899
899
902
903
906
908
909
912
913
913
914
914
916
919
919
920
921
921
922
923
923
924
924
926
927
928
929
930
930
931
931
933
934
935
935
938
939
939
940
941
942
942
942
943
944
945
946
946
947
947
950
950
952
952
955
956
957
957
958
961
962
962
962
963
966
967
971
973
974
974
978
979
980
980
980
980
982
982
987
991
991
993
993
994
994
995
996
998
