1
1
1
3
3
4
4
6
9
10
10
11
11
12
15
16
16
17
17
18
20
21
22
22
22
22
26
27
28
32
34
34
35
35
36
36
36
36
36
38
38
39
40
41
41
43
44
46
46
47
51
51
51
52
54
54
54
54
56
56
57
58
59
59
59
60
60
62
62
63
64
69
71
71
71
71
71
73
73
73
74
74
75
77
83
83
83
85
89
89
89
89
90
90
93
94
95
95
97
98
98
98
103
104
106
107
107
107
108
109
109
116
116
117
117
117
119
120
120
122
124
125
126
126
127
129
130
130
131
132
132
133
134
135
135
135
135
136
136
136
137
137
139
140
140
141
141
142
146
147
147
147
147
147
147
148
151
152
154
154
156
158
159
159
160
162
164
165
165
167
167
167
167
167
169
170
170
173
173
173
174
175
175
175
177
178
178
179
180
182
183
185
185
186
186
187
189
189
190
190
191
194
198
199
199
201
202
204
204
204
205
206
207
210
210
210
211
213
213
216
217
218
219
220
222
224
224
224
226
226
227
227
228
228
229
230
231
232
235
235
235
236
236
237
238
239
239
240
240
242
242
247
247
248
250
253
254
255
255
256
256
257
258
260
260
262
264
267
267
269
270
270
271
272
273
273
273
274
275
276
276
276
278
278
280
280
280
282
283
283
284
285
287
287
290
290
290
290
291
292
292
292
295
296
297
298
298
300
300
302
303
304
305
306
311
312
313
313
314
316
317
317
317
320
321
324
327
330
331
331
332
332
333
333
334
334
334
338
340
340
341
341
342
342
343
344
344
344
345
345
346
347
347
349
350
351
352
355
359
362
365
366
367
372
373
373
373
377
377
378
378
380
381
383
383
383
385
385
385
385
389
390
390
391
392
392
393
394
394
396
397
398
398
401
403
403
404
405
405
409
410
411
415
415
416
416
416
417
417
420
421
423
424
424
425
426
426
426
426
429
430
430
432
432
436
436
437
437
437
438
439
439
439
439
440
440
441
441
441
442
442
444
446
446
448
452
452
453
453
454
454
455
455
457
458
459
460
460
462
462
462
463
464
465
465
466
466
468
468
469
471
472
472
472
473
473
473
475
478
478
478
482
489
489
489
490
490
490
491
495
499
499
499
500
500
501
501
502
504
504
505
505
506
508
509
509
510
512
513
514
514
514
518
518
518
518
519
519
520
524
525
526
526
526
529
529
532
533
537
538
539
541
541
542
543
545
545
545
547
549
551
551
555
555
555
555
556
560
560
562
564
565
566
566
570
571
571
572
572
573
577
581
583
583
584
585
585
585
586
588
588
588
589
591
593
594
595
595
598
598
599
600
600
600
601
601
602
602
604
604
607
608
609
610
610
612
612
612
612
614
615
617
617
618
618
621
621
623
625
626
627
629
629
630
630
631
631
634
635
635
635
636
638
639
639
641
641
642
642
643
643
645
645
647
647
647
647
650
650
653
653
653
653
655
656
657
658
658
659
659
661
662
662
663
664
664
664
667
667
667
668
669
669
670
670
670
672
672
672
672
673
673
674
677
678
678
680
681
681
682
683
684
684
686
687
687
690
691
694
694
696
696
698
698
700
700
700
701
703
703
706
706
708
709
712
717
720
722
723
724
724
725
725
726
727
728
728
728
731
733
734
735
735
735
735
735
736
738
740
742
744
744
744
747
748
748
748
749
751
751
751
752
752
754
755
757
758
758
759
760
760
761
761
761
761
763
764
765
766
768
768
768
769
769
769
770
770
771
771
771
774
776
777
777
777
778
778
779
780
780
780
781
781
783
784
785
785
788
788
789
790
795
796
796
798
799
800
800
801
803
803
803
804
804
805
805
806
806
808
809
812
813
814
815
816
817
817
817
817
817
818
819
820
820
820
820
821
821
826
826
826
826
827
829
833
833
833
835
835
835
837
837
839
839
840
841
841
842
843
843
844
846
847
848
849
849
852
853
858
863
864
864
865
866
867
867
867
868
868
870
875
875
877
879
881
881
883
884
884
889
890
892
892
896
901
901
901
903
905
906
906
907
908
911
911
915
916
917
918
918
920
920
922
923
924
924
926
926
929
929
930
931
931
936
936
937
938
939
941
943
944
944
944
944
945
946
947
947
948
949
950
950
952
953
954
955
955
956
956
958
959
960
960
961
961
961
964
964
964
965
967
968
968
969
970
970
971
972
972
972
973
973
973
976
978
979
979
980
980
981
982
982
983
983
984
984
985
988
988
990
991
993
994
994
996
996
996
996
999
1001
1001
1002
1007
1007
1007
1008
1009
1010
1011
1014
1014
1014
1016
1016
1017
1018
1019
1020
1024
1024
1025
1025
1026
1026
1026
1026
1031
1033
1034
1036
1036
1037
1037
1039
1041
1041
1042
1043
1043
1044
1045
1045
1046
1046
1046
1047
1047
1050
1050
1050
1052
1052
1053
1054
1054
1057
1057
1058
1059
1059
1060
1061
1061
1062
1062
1063
1063
1063
1065
1066
1066
1066
1066
1066
1067
1069
1070
1071
1071
1072
1072
1072
1073
1073
1075
1076
1077
1077
1078
1079
1080
1082
1082
1085
1086
1086
1088
1092
1094
1094
1094
1094
1095
1095
1097
1097
1098
1099
1100
1101
1101
1102
1104
1105
1105
1106
1106
1108
1109
1111
1112
1113
1114
1116
1116
1116
1117
1117
1118
1120
1121
1121
1122
1123
1123
1125
1125
1126
1130
1131
1132
1132
1134
1136
1137
1138
1139
1139
1142
1142
1142
1143
1144
1144
1150
1151
1151
1151
1152
1153
1154
1154
1156
1156
1157
1157
1158
1158
1158
1159
1160
1161
1162
1162
1163
1163
1164
1164
1165
1168
1168
1169
1171
1173
1174
1175
1176
1178
1179
1179
1180
1180
1181
1181
1181
1183
1183
1184
1184
1187
1190
1191
1193
1193
1196
1197
1199
1200
1201
1202
1203
1204
1204
1205
1206
1207
1208
1208
1208
1211
1212
1212
1218
1218
1218
1219
1221
1222
1223
1224
1224
1226
1227
1229
1229
1230
1230
1231
1234
1235
1237
1240
1241
1243
1245
1246
1246
1249
1249
1250
1250
1251
1251
1251
1253
1255
1255
1255
1260
1261
1264
1265
1266
1266
1267
1268
1269
1269
1270
1271
1272
1272
1273
1273
1275
1275
1276
1276
1278
1278
1279
1279
1280
1282
1284
1285
1287
1287
1290
1290
1294
1295
1296
1298
1298
1299
1301
1302
1303
1303
1303
1305
1306
1306
1306
1306
1307
1309
1309
1312
1313
1315
1315
1316
1318
1319
1320
1320
1320
1322
1322
1323
1323
1324
1324
1325
1326
1326
1326
1327
1328
1328
1328
1330
1331
1331
1332
1333
1333
1334
1336
1337
1339
1339
1340
1340
1341
1341
1342
1343
1346
1347
1348
1350
1350
1350
1353
1353
1354
1354
1355
1356
1357
1360
1362
1363
1364
1364
1366
1369
1369
1369
1370
1370
1372
1373
1376
1376
1377
1378
1378
1378
1378
1378
1383
1383
1383
1384
1385
1387
1387
1394
1394
1395
1395
1396
1396
1397
1397
1397
1398
1399
1400
1402
1402
1404
1405
1406
1407
1407
1411
1413
1413
1413
1414
1415
1415
1417
1419
1421
1421
1422
1422
1422
1423
1423
1423
1423
1424
1425
1426
1426
1428
1429
1430
1430
1432
1434
1434
1434
1436
1440
1442
1442
1442
1443
1444
1445
1447
1447
1449
1449
1449
1450
1450
1452
1453
1455
1456
1457
1457
1457
1462
1462
1463
1463
1464
1465
1465
1466
1466
1467
1470
1471
1471
1471
1472
1474
1475
1475
1476
1476
1477
1478
1478
1480
1481
1482
1483
1483
1484
1485
1486
1486
1486
1486
1488
1488
1489
1490
1492
1492
1492
1493
1495
1495
1495
1498
1499
1501
1501
1502
1502
1503
1504
1504
1505
1505
1506
1507
1508
1510
1512
1512
1512
1512
1513
1516
1517
1518
1518
1519
1519
1519
1521
1521
1522
1522
1523
1528
1534
1535
1535
1536
1537
1537
1539
1539
1540
1541
1541
1542
1542
1547
1547
1548
1549
1550
1552
1554
1556
1556
1558
1558
1558
1559
1559
1560
1561
1561
1562
1563
1564
1564
1564
1565
1565
1565
1566
1567
1569
1570
1570
1571
1572
1573
1573
1576
1577
1577
1581
1582
1582
1584
1584
1586
1587
1587
1587
1588
1592
1592
1592
1593
1593
1593
1598
1599
1600
1600
1604
1605
1605
1606
1607
1608
1609
1610
1611
1611
1614
1616
1618
1618
1619
1619
1620
1620
1620
1621
1623
1623
1624
1625
1626
1627
1628
1629
1630
1631
1632
1632
1634
1634
1637
1637
1637
1639
1640
1641
1641
1642
1642
1643
1644
1646
1646
1647
1649
1649
1650
1650
1652
1652
1652
1653
1655
1656
1656
1656
1657
1657
1659
1659
1660
1660
1662
1664
1664
1665
1667
1668
1669
1675
1676
1676
1678
1679
1681
1681
1682
1682
1682
1683
1683
1684
1687
1688
1688
1690
1691
1691
1691
1692
1693
1694
1696
1698
1698
1699
1700
1700
1701
1704
1705
1706
1708
1712
1712
1713
1714
1715
1716
1716
1717
1723
1726
1728
1728
1728
1730
1731
1731
1732
1737
1737
1738
1742
1742
1743
1743
1744
1744
1744
1745
1745
1745
1746
1747
1749
1749
1750
1752
1753
1753
1753
1756
1756
1756
1756
1757
1759
1759
1760
1760
1761
1761
1762
1762
1762
1763
1765
1766
1766
1767
1769
1769
1770
1771
1772
1772
1773
1773
1774
1774
1774
1775
1776
1778
1780
1780
1781
1782
1782
1786
1786
1787
1789
1791
1792
1793
1794
1794
1795
1796
1797
1797
1798
1799
1800
1800
1800
1801
1801
1801
1802
1802
1803
1805
1806
1806
1807
1810
1811
1813
1814
1816
1816
1816
1816
1818
1819
1819
1821
1826
1826
1826
1826
1827
1827
1829
1830
1831
1833
1833
1833
1835
1836
1838
1838
1839
1840
1840
1842
1842
1844
1844
1844
1844
1844
1844
1845
1847
1847
1849
1849
1850
1851
1852
1852
1854
1856
1858
1859
1860
1860
1861
1861
1863
1864
1865
1865
1867
1867
1867
1868
1868
1868
1870
1871
1873
1874
1874
1875
1876
1877
1878
1881
1881
1881
1887
1890
1891
1893
1895
1895
1897
1898
1898
1899
1899
1899
1901
1902
1903
1903
1906
1907
1907
1909
1910
1911
1914
1914
1916
1917
1917
1918
1922
1923
1924
1927
1928
1928
1928
1931
1931
1932
1935
1935
1936
1937
1938
1938
1938
1938
1938
1941
1943
1945
1945
1946
1948
1949
1951
1951
1953
1953
1954
1954
1955
1956
1956
1958
1959
1959
1961
1961
1962
1963
1964
1964
1965
1966
1966
1968
1969
1969
1969
1970
1970
1971
1973
1975
1975
1976
1977
1979
1979
1980
1981
1982
1983
1983
1984
1985
1986
1988
1988
1989
1990
1991
1992
1992
1994
1994
1994
1996
1996
1999
2000
2000
2003
2004
2005
2006
2009
2009
2010
2010
2011
2012
2013
2013
2014
2015
2018
2019
2019
2019
2022
2022
2023
2025
2028
2030
2031
2032
2032
2033
2034
2036
2036
2038
2038
2039
2042
2043
2043
2043
2047
2048
2048
2050
2051
2051
2051
2055
2056
2057
2057
2058
2058
2058
2058
2060
2064
2067
2069
2073
2075
2075
2077
2078
2079
2080
2080
2080
2082
2082
2082
2082
2082
2084
2085
2085
2085
2088
2089
2090
2090
2091
2091
2093
2094
2095
2096
2097
2099
2100
2101
2102
2104
2104
2106
2106
2110
2112
2112
2112
2113
2114
2115
2115
2117
2118
2118
2118
2118
2119
2119
2120
2122
2123
2124
2124
2124
2125
2127
2127
2127
2128
2129
2132
2132
2133
2133
2134
2135
2135
2136
2137
2137
2138
2138
2140
2141
2141
2141
2142
2143
2143
2144
2144
2144
2145
2146
2146
2147
2147
2147
2148
2148
2149
2150
2150
2150
2151
2151
2153
2154
2156
2158
2158
2159
2159
2161
2161
2162
2163
2163
2165
2165
2165
2166
2167
2168
2169
2169
2170
2170
2171
2172
2172
2175
2175
2175
2175
2176
2176
2177
2177
2177
2178
2180
2185
2185
2187
2188
2189
2190
2190
2191
2191
2192
2195
2195
2196
2196
2197
2198
2198
2199
2199
2201
2202
2204
2205
2206
2207
2207
2208
2209
2210
2210
2214
2215
2216
2218
2219
2220
2220
2223
2223
2224
2225
2225
2226
2227
2229
2233
2233
2233
2233
2234
2235
2235
2237
2237
2239
2239
2240
2246
2246
2248
2249
2250
2251
2252
2252
2253
2254
2256
2256
2256
2257
2257
2260
2260
2262
2263
2264
2267
2268
2268
2269
2269
2270
2271
2274
2274
2274
2277
2277
2277
2279
2279
2281
2284
2286
2286
2288
2288
2288
2291
2294
2294
2294
2295
2295
2295
2296
2297
2297
2298
2300
2302
2302
2302
2305
2308
2308
2309
2309
2310
2310
2311
2312
2312
2313
2315
2315
2316
2318
2319
2319
2319
2322
2323
2324
2328
2328
2330
2331
2332
2332
2333
2336
2339
2339
2339
2340
2340
2340
2342
2342
2344
2345
2345
2347
2347
2350
2350
2353
2355
2357
2361
2361
2362
2362
2362
2364
2364
2365
2366
2366
2366
2368
2370
2370
2372
2373
2374
2375
2376
2377
2380
2382
2382
2382
2385
2387
2387
2388
2389
2391
2393
2394
2395
2396
2396
2396
2396
2398
2398
2398
2399
2402
2402
2403
2404
2406
2407
2408
2409
2409
2411
2412
2414
2415
2416
2416
2416
2417
2418
2419
2420
2421
2421
2421
2421
2423
2424
2425
2428
2428
2429
2429
2431
2433
2435
2437
2438
2438
2440
2443
2443
2446
2446
2447
2452
2452
2453
2454
2456
2456
2456
2459
2459
2460
2461
2462
2462
2464
2464
2465
2466
2467
2468
2469
2469
2472
2474
2474
2475
2476
2477
2478
2479
2479
2480
2480
2481
2484
2488
2489
2490
2492
2493
2494
2494
2494
2495
2496
2499
2499
2500
2501
2502
2502
2503
2504
2505
2511
2511
2512
2513
2513
2513
2515
2516
2516
2518
2519
2519
2521
2521
2522
2523
2525
2525
2526
2526
2527
2527
2529
2529
2530
2531
2533
2534
2535
2536
2536
2536
2536
2537
2537
2540
2541
2543
2544
2545
2546
2546
2546
2547
2550
2550
2550
2550
2552
2553
2553
2554
2555
2557
2559
2560
2561
2562
2564
2565
2568
2569
2569
2569
2573
2574
2575
2575
2576
2577
2577
2577
2577
2578
2579
2581
2582
2582
2582
2585
2586
2586
2587
2588
2589
2589
2589
2592
2593
2593
2593
2596
2597
2598
2598
2598
2598
2599
2600
2601
2602
2603
2604
2605
2605
2606
2608
2609
2610
2612
2612
2614
2616
2619
2621
2623
2625
2625
2625
2626
2627
2627
2628
2629
2631
2632
2633
2633
2633
2633
2634
2634
2637
2638
2638
2638
2640
2643
2645
2646
2647
2648
2648
2649
2650
2650
2650
2651
2651
2651
2652
2653
2654
2655
2658
2660
2660
2660
2665
2666
2666
2666
2670
2671
2672
2673
2674
2675
2676
2676
2676
2678
2679
2679
2680
2683
2683
2683
2683
2684
2685
2686
2687
2687
2687
2690
2690
2691
2691
2692
2692
2696
2697
2698
2698
2698
2700
2700
2700
2701
2703
2704
2704
2705
2705
2706
2707
2708
2708
2709
2710
2711
2713
2715
2718
2719
2721
2721
2722
2722
2723
2725
2725
2726
2726
2729
2730
2731
2731
2734
2735
2735
2736
2736
2736
2737
2739
2740
2740
2740
2741
2741
2741
2742
2742
2743
2745
2746
2747
2747
2748
2748
2749
2750
2750
2751
2753
2753
2754
2755
2757
2758
2759
2761
2761
2761
2761
2763
2763
2764
2769
2770
2771
2771
2772
2772
2773
2773
2774
2774
2776
2777
2778
2781
2781
2781
2782
2786
2786
2786
2787
2788
2788
2789
2789
2789
2790
2791
2793
2796
2796
2796
2797
2797
2797
2798
2801
2801
2805
2806
2806
2807
2808
2808
2808
2808
2809
2812
2813
2817
2819
2819
2820
2820
2821
2822
2823
2823
2823
2824
2824
2827
2827
2827
2827
2828
2829
2830
2832
2832
2833
2835
2835
2835
2836
2838
2840
2840
2841
2841
2844
2844
2846
2848
2849
2850
2852
2852
2853
2853
2856
2856
2856
2858
2859
2859
2861
2864
2866
2867
2870
2871
2872
2872
2873
2873
2874
2876
2877
2878
2880
2881
2881
2882
2883
2884
2885
2885
2885
2885
2888
2889
2889
2889
2889
2890
2891
2891
2892
2892
2893
2894
2898
2898
2900
2900
2902
2903
2904
2904
2904
2905
2906
2907
2908
2909
2913
2914
2914
2915
2917
2917
2919
2920
2920
2924
2924
2925
2925
2927
2927
2927
2927
2928
2930
2930
2931
2931
2932
2933
2934
2934
2934
2936
2939
2942
2943
2944
2945
2945
2946
2947
2947
2947
2948
2948
2949
2950
2950
2953
2953
2953
2957
2959
2961
2963
2965
2968
2970
2971
2972
2972
2973
2974
2974
2974
2974
2974
2977
2977
2977
2979
2980
2980
2983
2983
2984
2985
2985
2986
2986
2987
2987
2988
2988
2992
2993
2993
2995
2997
2998
2998
3000
3002
3003
3007
3007
3011
3011
3012
3012
3012
3015
3015
3016
3018
3019
3021
3021
3021
3022
3022
3024
3024
3024
3025
3025
3025
3027
3027
3028
3029
3029
3030
3030
3031
3033
3034
3034
3038
3038
3039
3039
3039
3040
3040
3042
3043
3044
3045
3045
3046
3047
3048
3048
3048
3053
3053
3053
3054
3056
3057
3058
3059
3061
3061
3062
3062
3062
3063
3064
3065
3067
3067
3070
3072
3072
3072
3073
3074
3075
3075
3076
3076
3077
3078
3078
3079
3080
3081
3082
3083
3083
3085
3088
3090
3090
3091
3091
3091
3091
3092
3092
3092
3092
3092
3093
3094
3094
3095
3096
3098
3098
3100
3100
3101
3104
3105
3105
3106
3106
3106
3107
3108
3109
3109
3111
3111
3112
3112
3113
3113
3114
3115
3115
3119
3120
3120
3122
3123
3123
3124
3124
3125
3126
3126
3127
3127
3129
3130
3131
3133
3133
3135
3135
3137
3137
3137
3139
3139
3139
3141
3141
3141
3143
3144
3144
3146
3149
3149
3150
3150
3150
3150
3151
3152
3154
3156
3156
3156
3157
3158
3158
3158
3159
3160
3160
3160
3161
3161
3162
3162
3165
3165
3166
3166
3166
3168
3169
3169
3170
3171
3175
3175
3176
3177
3177
3177
3178
3178
3178
3180
3180
3181
3183
3183
3184
3186
3188
3190
3192
3192
3192
3193
3193
3193
3194
3194
3195
3195
3196
3197
3199
3199
3200
3201
3201
3202
3204
3204
3206
3207
3208
3210
3211
3212
3212
3212
3214
3215
3215
3216
3216
3217
3217
3219
3219
3220
3220
3221
3222
3223
3223
3225
3226
3229
3229
3229
3229
3230
3231
3231
3232
3233
3236
3238
3238
3240
3240
3241
3243
3243
3244
3244
3244
3248
3248
3249
3250
3251
3253
3253
3254
3255
3256
3258
3259
3261
3262
3262
3262
3263
3266
3267
3276
3276
3279
3279
3280
3280
3281
3284
3284
3285
3285
3285
3287
3287
3288
3289
3292
3292
3292
3293
3294
3298
3298
3298
3299
3301
3302
3305
3306
3307
3307
3308
3310
3310
3311
3312
3314
3314
3314
3317
3320
3320
3321
3322
3323
3323
3324
3326
3327
3328
3329
3330
3331
3334
3334
3335
3335
3335
3336
3337
3337
3337
3338
3341
3341
3343
3344
3344
3345
3346
3346
3346
3347
3347
3348
3348
3348
3348
3349
3349
3349
3352
3354
3354
3360
3362
3362
3362
3364
3364
3366
3366
3366
3366
3367
3369
3369
3373
3376
3377
3377
3381
3382
3382
3384
3385
3387
3387
3388
3389
3389
3391
3391
3391
3393
3395
3396
3396
3396
3396
3398
3399
3399
3402
3404
3405
3405
3405
3406
3406
3406
3409
3409
3411
3411
3412
3412
3413
3414
3415
3415
3416
3416
3416
3419
3419
3421
3422
3422
3422
3423
3423
3424
3424
3426
3427
3427
3431
3435
3435
3436
3437
3439
3439
3440
3443
3443
3444
3445
3445
3445
3446
3447
3447
3447
3447
3448
3448
3448
3448
3448
3448
3449
3449
3450
3451
3451
3453
3453
3455
3456
3457
3457
3458
3459
3460
3460
3466
3468
3471
3471
3471
3473
3473
3473
3474
3475
3476
3477
3478
3481
3482
3485
3485
3485
3486
3486
3490
3492
3492
3492
3494
3494
3494
3497
3497
3497
3498
3501
3501
3504
3504
3506
3506
3507
3507
3509
3510
3511
3511
3514
3515
3515
3515
3516
3519
3521
3521
3522
3525
3525
3525
3526
3528
3528
3529
3531
3532
3533
3534
3535
3536
3537
3538
3538
3539
3539
3540
3543
3543
3545
3545
3546
3547
3547
3550
3550
3551
3552
3552
3553
3554
3554
3556
3557
3558
3558
3560
3563
3566
3566
3566
3566
3567
3567
3569
3569
3570
3573
3573
3573
3574
3575
3577
3577
3577
3579
3579
3581
3583
3583
3584
3585
3585
3586
3586
3587
3587
3588
3589
3590
3590
3590
3591
3591
3593
3594
3594
3596
3601
3601
3602
3602
3604
3604
3606
3606
3607
3608
3608
3608
3608
3608
3610
3610
3613
3615
3616
3616
3617
3617
3617
3619
3619
3622
3623
3625
3626
3628
3629
3629
3630
3631
3631
3632
3632
3633
3636
3638
3639
3640
3640
3640
3640
3641
3642
3644
3644
3646
3652
3656
3656
3656
3656
3657
3658
3659
3660
3660
3660
3660
3661
3662
3665
3667
3667
3668
3672
3673
3674
3675
3675
3675
3677
3679
3683
3683
3684
3685
3685
3685
3686
3688
3689
3689
3689
3689
3691
3696
3696
3697
3701
3701
3702
3702
3703
3704
3704
3708
3708
3711
3712
3712
3712
3715
3715
3715
3717
3717
3717
3721
3722
3722
3723
3724
3725
3725
3725
3726
3729
3729
3729
3730
3730
3731
3732
3732
3733
3734
3736
3736
3738
3738
3738
3740
3740
3744
3744
3744
3745
3745
3746
3746
3746
3747
3749
3750
3750
3751
3752
3753
3753
3753
3755
3756
3757
3760
3761
3762
3763
3763
3764
3766
3767
3767
3769
3769
3769
3769
3770
3771
3773
3776
3778
3779
3780
3781
3781
3781
3781
3784
3787
3787
3788
3788
3788
3790
3791
3791
3791
3793
3793
3794
3795
3796
3796
3798
3798
3800
3801
3801
3804
3807
3808
3812
3815
3816
3817
3818
3818
3819
3820
3822
3822
3823
3823
3823
3824
3825
3825
3827
3828
3830
3834
3835
3836
3837
3838
3841
3842
3842
3842
3844
3844
3846
3846
3848
3850
3850
3851
3852
3855
3856
3856
3857
3857
3859
3859
3860
3862
3862
3865
3865
3866
3866
3868
3869
3869
3873
3873
3874
3874
3875
3876
3877
3877
3878
3880
3881
3882
3883
3884
3886
3886
3887
3887
3887
3888
3888
3888
3889
3890
3890
3890
3890
3891
3892
3892
3892
3892
3893
3894
3894
3895
3896
3896
3896
3898
3900
3900
3901
3901
3903
3904
3904
3906
3906
3907
3908
3908
3908
3908
3910
3913
3917
3917
3918
3920
3920
3921
3921
3921
3924
3925
3925
3926
3926
3927
3928
3928
3929
3929
3930
3931
3932
3935
3935
3936
3938
3938
3938
3938
3939
3941
3941
3941
3944
3945
3947
3948
3948
3950
3951
3952
3953
3954
3955
3956
3958
3959
3960
3960
3962
3962
3965
3969
3971
3971
3972
3973
3973
3973
3973
3974
3975
3976
3977
3977
3978
3978
3979
3979
3980
3981
3984
3984
3984
3987
3988
3989
3989
3989
3990
3991
3991
3993
3994
3995
3995
3995
3997
3998
3998
3999
4000
4000
4003
4005
4005
4006
4006
4008
4010
4010
4012
4012
4013
4013
4014
4015
4016
4017
4020
4021
4021
4022
4023
4024
4026
4028
4029
4033
4036
4036
4038
4039
4041
4041
4043
4043
4046
4046
4047
4049
4049
4051
4051
4052
4054
4054
4054
4055
4055
4057
4058
4059
4059
4060
4060
4061
4061
4062
4063
4064
4067
4068
4069
4070
4072
4075
4077
4080
4080
4082
4082
4083
4084
4085
4086
4087
4087
4087
4087
4089
4090
4090
4091
4091
4092
4092
4093
4094
4094
4096
4096
4097
4101
4102
4102
4103
4103
4104
4110
4113
4113
4114
4114
4115
4115
4116
4116
4117
4118
4120
4121
4123
4125
4128
4128
4129
4129
4131
4133
4133
4135
4136
4136
4137
4138
4140
4140
4141
4141
4141
4142
4144
4144
4147
4147
4148
4148
4150
4153
4154
4154
4155
4156
4159
4161
4161
4161
4161
4162
4162
4162
4163
4163
4166
4166
4167
4167
4167
4168
4169
4170
4171
4171
4171
4172
4172
4173
4173
4174
4174
4175
4179
4181
4182
4183
4185
4188
4190
4192
4192
4194
4196
4196
4198
4199
4200
4200
4200
4200
4201
4201
4201
4201
4203
4204
4204
4205
4207
4207
4208
4208
4208
4209
4210
4211
4212
4212
4214
4214
4218
4218
4220
4220
4220
4221
4223
4223
4224
4226
4226
4227
4227
4228
4229
4231
4232
4238
4239
4239
4241
4243
4244
4245
4250
4250
4250
4251
4251
4252
4252
4253
4254
4258
4259
4260
4261
4261
4262
4263
4263
4263
4264
4265
4265
4265
4266
4266
4269
4270
4271
4273
4275
4276
4276
4277
4278
4279
4279
4279
4280
4281
4282
4282
4282
4283
4284
4285
4286
4286
4287
4290
4290
4291
4291
4291
4294
4295
4296
4296
4299
4300
4301
4303
4304
4306
4307
4307
4307
4308
4308
4309
4310
4312
4312
4316
4320
4322
4323
4323
4323
4324
4324
4324
4324
4325
4325
4326
4327
4327
4329
4329
4330
4331
4331
4332
4334
4334
4335
4337
4337
4338
4338
4339
4340
4341
4341
4341
4343
4343
4343
4344
4345
4345
4346
4350
4351
4353
4354
4355
4356
4359
4360
4364
4365
4365
4366
4368
4368
4369
4370
4371
4371
4372
4372
4374
4374
4379
4379
4381
4382
4382
4385
4385
4387
4388
4389
4389
4389
4391
4393
4393
4395
4396
4396
4396
4397
4397
4399
4399
4401
4401
4402
4404
4404
4405
4407
4408
4410
4411
4411
4412
4414
4415
4415
4415
4416
4416
4417
4417
4417
4418
4418
4419
4420
4423
4423
4424
4426
4426
4426
4427
4428
4429
4432
4434
4434
4435
4435
4435
4437
4437
4438
4438
4440
4440
4443
4444
4444
4445
4445
4445
4446
4447
4448
4450
4450
4451
4451
4451
4453
4454
4454
4454
4454
4458
4461
4462
4462
4462
4462
4463
4463
4464
4464
4464
4465
4467
4468
4470
4474
4475
4475
4475
4476
4480
4480
4482
4483
4484
4484
4486
4486
4486
4487
4487
4488
4488
4489
4489
4489
4489
4490
4490
4490
4490
4491
4492
4493
4494
4494
4495
4496
4497
4501
4502
4502
4502
4503
4504
4504
4504
4505
4505
4505
4507
4507
4508
4508
4509
4509
4509
4513
4513
4513
4514
4515
4515
4518
4518
4519
4521
4522
4522
4523
4523
4524
4525
4526
4526
4526
4526
4526
4528
4528
4529
4530
4533
4533
4534
4535
4535
4536
4537
4539
4539
4541
4544
4545
4549
4552
4553
4553
4554
4555
4556
4558
4558
4560
4561
4563
4564
4565
4565
4565
4567
4568
4570
4571
4573
4573
4574
4576
4577
4581
4582
4584
4586
4587
4589
4592
4592
4592
4593
4595
4596
4598
4599
4599
4599
4600
4601
4601
4602
4604
4604
4605
4605
4608
4608
4609
4609
4613
4613
4616
4617
4617
4617
4618
4618
4620
4621
4623
4623
4624
4624
4627
4628
4628
4629
4632
4634
4634
4634
4635
4635
4636
4638
4638
4639
4641
4642
4643
4646
4650
4652
4652
4654
4655
4656
4656
4657
4657
4662
4662
4664
4666
4667
4667
4667
4671
4672
4674
4675
4677
4678
4678
4680
4683
4683
4685
4686
4686
4688
4689
4689
4692
4694
4697
4698
4699
4699
4701
4701
4705
4706
4708
4709
4709
4710
4714
4714
4716
4717
4717
4719
4720
4721
4721
4722
4722
4722
4722
4723
4724
4727
4727
4728
4730
4730
4731
4731
4734
4735
4738
4738
4739
4740
4742
4742
4743
4743
4744
4744
4745
4747
4747
4748
4749
4750
4750
4751
4752
4754
4755
4755
4758
4758
4759
4759
4761
4761
4761
4762
4763
4764
4764
4765
4765
4767
4768
4768
4773
4774
4776
4776
4784
4784
4785
4786
4789
4789
4791
4791
4792
4792
4793
4793
4795
4795
4796
4797
4797
4798
4798
4799
4802
4803
4804
4805
4807
4809
4811
4812
4812
4813
4813
4816
4817
4820
4820
4826
4826
4827
4827
4827
4828
4829
4831
4833
4833
4833
4834
4835
4835
4835
4839
4842
4844
4846
4847
4847
4849
4850
4850
4850
4850
4851
4851
4852
4852
4853
4856
4856
4856
4857
4857
4859
4860
4861
4862
4862
4863
4865
4867
4867
4867
4868
4868
4868
4869
4870
4871
4871
4872
4874
4876
4876
4878
4881
4883
4883
4883
4884
4885
4885
4887
4888
4888
4888
4889
4891
4892
4892
4893
4894
4895
4896
4896
4897
4900
4901
4901
4903
4904
4905
4906
4906
4907
4908
4909
4911
4913
4913
4913
4914
4914
4915
4915
4916
4922
4922
4925
4926
4929
4929
4929
4930
4930
4934
4935
4935
4939
4940
4940
4941
4942
4943
4943
4944
4947
4947
4947
4950
4950
4955
4955
4955
4955
4956
4957
4957
4957
4959
4960
4960
4962
4962
4964
4964
4965
4966
4967
4967
4970
4970
4973
4973
4975
4975
4978
4978
4979
4979
4980
4980
4981
4982
4982
4983
4984
4984
4985
4985
4986
4986
4987
4990
4991
4993
4993
4993
4995
4996
4997
4999
4999
5000
5000
5000
