1640
2342
3767
1865
2801
1364
1302
1775
1471
3850
1700
4385
3540
4423
600
2274
3204
1665
4641
4791
3223
1466
2755
788
4856
3201
2300
3075
2627
3455
324
1058
3046
4059
1518
505
2841
316
1778
3197
3769
2683
1870
4269
3873
701
4325
1569
678
4765
1071
1753
1600
2950
232
2340
4634
3072
1463
201
2424
2610
1131
2786
2058
71
4426
2332
1852
3579
4015
686
4265
2781
2741
2120
999
4162
1278
2638
3177
4642
3243
3435
2128
585
3646
924
2257
4592
3586
1799
1502
1016
4735
1010
2175
4618
4087
3382
1842
342
2312
2648
1979
1156
3894
1969
4244
4534
1400
1835
3012
238
3168
4251
147
4719
505
351
1669
2198
276
3573
4657
3011
2153
2581
2881
4984
1756
3995
920
1767
77
3072
4803
1324
4601
2891
2593
3151
3320
4492
3486
4573
2421
1519
4995
4638
3494
585
1984
4867
4835
4861
1592
4049
62
3859
1891
3956
4171
4564
2477
4683
1959
4167
4116
2908
4115
2319
2706
95
4414
1918
2968
2089
4955
1489
4087
1844
2344
744
3667
709
2479
526
2536
2741
1067
3412
3999
630
1816
1802
4475
4930
44
2974
1592
1501
3193
2366
3913
1011
3175
2396
3048
2947
1691
3591
4024
1744
4476
3160
2805
4868
3280
908
4967
706
278
3057
1219
2129
424
2099
3044
4608
3229
3244
231
1484
3402
2838
4727
3825
4842
4762
4262
1782
1992
2790
4063
4026
752
4667
1153
1890
1202
2254
2167
3414
4708
4117
1999
3836
416
331
3570
2347
2757
2115
2761
2592
4003
3137
4141
4036
2484
1134
3261
2006
1092
4486
3738
881
2043
1397
892
1806
4820
2708
466
2288
3588
4901
3525
3801
765
4959
2135
1903
4664
1026
3890
4809
2550
4084
3815
961
1423
4161
4847
2233
2456
2207
2249
10
1098
4404
1969
2797
3047
1158
3715
4192
2634
1498
4993
1036
2208
4624
2269
4885
4509
2151
132
1122
3725
1793
4856
1025
780
83
4786
2310
46
1094
3846
3941
1518
1493
3823
879
4608
1063
1864
747
545
4812
3221
2808
1419
2295
1762
1082
2626
2884
199
1716
4850
2218
4929
1826
1897
610
3987
3577
4359
813
3715
4596
4201
2161
4638
727
2723
2488
4058
3773
345
2233
1682
3547
1800
3314
759
4764
4688
2075
1749
600
2909
365
3186
4307
635
425
1516
4709
1676
3494
4341
2056
2827
2945
1728
4667
2459
1746
2676
3135
4072
4103
819
777
1774
2974
1181
2953
1231
4161
1962
4863
3531
1844
1326
593
3584
2313
3583
3334
3896
571
332
659
1641
2340
3819
410
4887
4751
2870
3369
4097
1450
1761
3091
4544
868
3526
2813
3192
455
944
1577
770
3192
1567
946
2519
1478
4896
3796
3389
1980
4324
3641
2370
3938
3630
2512
2827
4763
344
4524
2974
2849
4755
3515
1522
4341
744
4750
1618
2742
1730
581
3865
21
1471
2625
2751
2416
4867
2726
643
1180
2132
2235
490
610
1901
3366
4750
3745
3038
4182
2294
1906
952
1858
1306
3928
3908
3550
140
1075
489
504
1534
1442
3200
1875
4417
4827
1144
3827
1486
257
3139
3094
1833
770
3210
3362
2122
4652
3995
3657
4833
1328
2082
1519
473
135
3938
2593
4346
4490
1364
4876
4835
2696
3589
820
3028
1266
2150
1430
1979
612
2777
2084
139
1938
2977
1318
2112
4016
1462
373
383
3838
2308
1041
3497
3781
1652
1696
4448
2171
1104
1007
2806
3610
3581
4785
1116
518
4174
2543
3193
4239
1760
3478
3907
1164
317
1621
4701
1714
1637
3115
3072
2500
3253
4417
2090
1125
4366
4876
3045
754
2986
4238
4576
3835
156
373
2867
3178
4955
4125
4846
154
645
629
3092
347
4133
3796
1916
159
2199
4680
4214
994
3644
1413
1660
2893
4259
780
2104
4812
1272
4323
4210
4128
1614
1849
3908
3558
1309
4915
2229
3439
2977
283
4634
4368
3100
1118
3229
2881
573
4723
1447
785
3936
2220
2297
537
2073
3039
1762
312
3920
2883
73
1931
3335
2754
3689
1165
1059
1517
460
2154
2145
1990
964
4022
4752
3448
2691
2604
3238
1354
1343
788
4463
3889
760
4985
3158
1923
4908
2561
417
4365
1684
3409
779
4618
669
683
4697
3326
4389
4537
3443
2880
2555
4229
4437
3738
2582
57
4522
235
2575
1914
4260
2980
1366
1642
1994
1745
938
518
1492
4046
4212
3092
3723
1476
4462
147
3093
3409
1224
3199
4434
71
462
3391
1097
4410
473
1024
4204
3608
4913
1052
1255
4426
2499
3828
3448
2340
313
4692
2493
141
3769
4620
1184
4978
3761
1958
4402
1072
248
2789
3898
868
4742
1061
751
502
4494
3590
1983
1026
1502
2336
1066
4627
3804
2582
4279
3067
1077
1456
2355
3419
3617
204
5000
3521
3199
761
864
1152
2277
1488
3788
381
2309
2625
2492
4005
2983
4334
930
4220
1642
1346
90
2904
242
2856
2872
394
56
803
3660
4266
2516
1065
4429
2988
1935
3812
2082
3689
3
2080
4960
583
453
3892
947
4129
3984
141
2866
2328
2067
3893
4635
1816
2703
4892
2361
2770
4172
2472
273
1951
3790
4555
1101
3791
4070
1415
4856
3201
984
4629
1813
3981
2252
3608
621
2748
60
1851
468
4568
1423
1230
1936
4286
1539
3133
2740
777
2288
3024
1927
2649
439
4565
950
3507
182
2264
1577
3519
2112
983
2407
2268
1650
220
3262
884
500
3989
2085
3800
2125
1712
71
1986
1842
657
4515
3475
1570
4082
3876
1811
3276
2000
3859
541
3925
1652
3216
4979
2526
4166
4341
3617
2288
300
3377
3256
127
3109
549
1576
3267
1818
3284
3344
1499
3591
1245
3406
4827
4354
3904
269
1102
3684
3881
955
906
827
3214
4061
2421
2011
397
4495
287
670
2575
4416
1593
3830
3310
3354
776
1847
3632
4541
1105
625
3816
3195
4214
3579
3443
4395
2010
4043
3266
4851
405
3302
169
267
4324
3878
1619
73
3998
1054
3322
1482
853
2609
75
1826
1914
3416
4980
1867
2736
1362
4241
3492
1985
3346
3287
1313
883
602
4985
1395
1324
801
3127
4490
4232
4589
3960
1476
1307
1424
3337
4553
4060
1506
3056
1705
1143
3139
4526
2176
1639
1523
4599
2521
1340
4935
2650
3399
3798
3447
1737
4598
3848
4461
3769
3114
2680
4028
2425
1272
4211
2119
1949
437
2156
3791
667
2489
1604
1501
1043
803
54
965
3781
1816
1839
4266
194
3534
1961
4203
607
2915
3175
3668
4817
1125
441
1282
3437
3566
595
440
398
4163
74
4092
2134
4656
877
256
2252
1646
1994
1101
4418
1270
1637
598
4438
1488
3311
4161
3095
2409
994
3515
292
4445
3501
4888
826
3212
2750
4742
4522
1057
4450
4168
3423
3689
1197
3607
2302
3225
3928
298
1008
4167
2277
3447
3977
735
3674
3337
1076
2205
1396
3917
2140
4345
3763
270
1063
4454
778
4227
3016
4
2452
1041
185
2474
2821
2536
3722
2787
3144
4518
1024
1452
3104
2428
1996
2953
1632
4997
4813
1682
452
3842
2101
954
2406
438
2310
1157
2469
4323
126
273
2396
170
3818
4947
1168
3941
2443
1294
4662
4198
3736
3639
3613
4432
1691
843
459
1212
1756
4505
3348
508
1268
2269
3569
2569
3632
3869
2721
3448
2055
3701
2700
240
2150
2933
250
936
961
4451
1347
2505
2158
2550
151
3141
478
768
944
4435
3169
2529
32
436
1844
97
4415
1704
3406
3539
1586
1191
4717
1132
2115
4175
3157
1965
3497
291
1449
4490
2650
4710
4874
1059
4148
2903
808
2091
1475
1112
4560
207
2223
222
1771
2515
664
2943
482
2774
2927
300
126
4086
555
821
3656
3532
1260
3596
2185
3348
4488
3658
2309
4529
4052
2788
2137
1688
3744
725
841
2836
1794
2064
1348
829
3951
3629
2333
996
875
751
839
2950
4731
4857
842
3892
4054
4926
3159
3492
3405
2773
4279
423
210
3387
3473
3712
1235
2914
3399
465
1223
3354
4549
4745
2396
1045
1854
3971
2339
4929
4789
1829
2920
884
835
1507
455
4013
1486
4261
3497
2889
2295
27
1917
1163
846
4170
3423
331
1584
634
2930
1269
3436
3111
980
983
3019
4689
3850
1874
4739
4335
4749
2577
4054
2525
3366
3610
191
1881
495
2467
2946
4264
4096
4716
147
2462
4029
2840
2503
2345
2789
826
3546
2048
600
2902
3449
1966
3688
4768
4915
4914
1850
4521
783
491
2420
3787
306
3794
4574
4017
1016
4623
840
436
104
3993
3320
2330
3015
4399
2311
1181
1246
3301
3745
1852
1605
3195
16
2416
3704
4218
1341
2388
875
2889
1320
4513
1053
735
4148
3941
1694
1121
227
2177
2806
631
1810
4055
724
2135
1463
3536
2010
2979
2429
815
1756
1971
2683
2319
4049
1237
4116
3059
1229
1561
3352
430
3021
426
3196
3888
283
3306
175
3364
2158
3285
71
1050
4654
3844
4290
1117
4556
167
3
4282
41
1443
3411
2746
3280
3954
1444
352
647
54
4374
1086
4041
4892
2446
457
1251
1895
1649
796
39
2786
670
3396
3685
4617
866
1801
4462
3586
1116
4491
2019
2536
4768
3890
2435
4759
4161
4167
1434
784
1634
1095
2674
3156
970
2417
2801
804
2841
3184
4893
4451
4941
3906
3979
440
4797
2672
3427
219
2654
4239
3753
2279
1184
18
2237
2687
4096
3543
1898
4755
4727
4635
672
47
2692
3793
3025
1206
2521
380
1963
236
4789
4464
3573
2251
4173
3959
3708
1275
154
3453
636
3628
1760
1009
3312
700
4224
609
669
4508
1838
3856
4827
1457
1287
2033
4006
4475
659
334
3583
3528
4896
1770
1774
981
2399
1162
432
3144
2737
2319
761
3335
1806
2889
2692
1234
1169
3729
355
237
160
3722
424
3616
4883
4552
1086
3740
2308
2038
3194
2082
1078
1136
2823
3398
2988
3299
3137
837
2446
3587
417
3629
4852
2481
3962
4761
3533
226
3150
1404
2257
3594
949
2569
2820
136
499
982
270
3675
4487
1019
1328
2209
4950
4327
2419
3717
1970
1953
3457
3422
1861
944
4226
4493
3780
1876
1769
2985
2788
839
4401
2676
3211
2541
1322
2453
1339
1776
1007
4408
1742
3421
3330
1559
781
684
4986
3131
3435
2735
2246
3842
3364
2678
629
3161
1269
3734
148
3566
967
4868
1611
2793
4138
3204
1193
3166
2992
4388
2690
3834
334
2459
1436
1679
1312
1
179
4795
4962
3656
1676
2586
1018
757
4435
4878
3232
3822
3366
4220
4283
3975
4489
2957
4706
3556
3764
3024
959
4407
1485
4379
4539
4372
4743
3921
3048
2791
3984
1505
978
3984
1132
4464
1402
3553
85
818
3577
3346
708
4798
4950
1691
59
1762
4115
3887
210
3074
4337
728
1298
3485
3866
4911
2606
518
936
4337
3067
3166
814
3660
3292
1370
1305
4613
4444
4744
4171
1309
1505
1373
359
3445
752
820
1769
545
2223
36
4454
453
4804
1964
1893
3345
3995
2172
3426
4528
3771
771
4280
1840
4862
4490
3156
1542
2747
2974
1340
4558
4200
4114
1620
3106
2753
4226
3857
2605
3910
2698
645
2268
518
2885
4829
4502
4699
317
703
1592
3098
594
1656
3298
1434
1504
1780
583
514
4428
3223
3851
2824
1688
2633
4957
2165
1325
3248
1208
3346
848
2740
4113
446
333
658
3908
3334
2589
4464
1541
4738
2597
2110
3762
3413
4326
2113
1861
4857
3569
3126
674
626
2554
744
3903
2885
2771
3294
2898
2927
1570
3554
4069
4172
3183
2877
4847
2151
3515
3343
3626
3029
175
1243
135
285
35
1528
2596
3222
4964
2478
1765
4983
1449
1085
1417
390
1273
4895
3162
2974
3574
2253
1625
3979
2051
1190
1387
4694
677
3391
1800
2685
3165
4604
4904
4826
2362
89
1385
2808
1211
849
3190
3691
973
2286
136
2864
2819
4220
89
2823
131
1593
3753
1224
3973
1240
4279
564
385
800
3900
1548
1332
3150
3492
2537
2246
4965
4345
4807
284
1066
1766
2856
1786
1708
2494
4445
2133
2945
1383
1945
1653
3945
2414
2127
2691
2638
2913
3158
3543
1608
2305
4502
2013
1278
1647
1397
1521
698
1956
4773
653
4420
3022
3276
2494
2124
272
931
3619
2175
2187
1564
4080
1126
3393
3448
4201
1472
1512
3711
4646
3539
4135
2546
1378
4356
3033
2185
641
881
4163
278
1821
2274
442
1909
1713
1378
4140
4444
4103
1587
385
2873
1644
4416
2093
635
4973
3254
1414
2372
918
1066
52
2322
4587
108
2250
4764
1036
1600
3890
2852
1447
3453
3415
3895
2494
178
1928
2368
1196
4021
618
3125
2885
4340
1747
4200
790
918
3997
3292
1470
4624
1328
4925
132
961
2905
2091
3751
3842
3516
4307
4136
3973
608
393
4662
720
2742
4907
2380
2614
2015
40
4141
1218
1946
235
4805
4632
420
924
3784
4467
1173
116
1787
4201
700
1341
4397
4613
944
1353
372
320
2262
4701
3376
439
2729
1938
4014
2210
748
2159
187
3900
2050
3638
3939
3631
3219
1657
2840
4929
1774
3233
378
547
3457
1157
1290
3506
917
4047
3793
2547
566
3481
979
4144
4307
4865
1079
682
282
2234
4483
2646
2018
3552
1816
3158
562
1369
3143
661
4605
4747
3328
4793
448
641
3063
3092
4440
3458
2294
1657
1791
2986
146
2687
2196
3640
4059
1838
3746
541
3683
1475
3007
1453
3525
1207
1743
2601
441
202
1512
1973
2666
3606
4462
1080
926
519
4093
3511
2781
1847
3206
2350
3560
117
2239
217
304
1039
4643
2393
3962
2853
3788
1954
2511
667
1442
4039
390
3511
2013
311
2412
2852
4526
3062
2464
2827
4329
2516
735
3507
1558
1572
298
4308
3141
3965
2023
3755
4990
653
1618
2454
136
4966
1937
1255
3887
3208
2655
2147
1610
694
525
542
2408
199
604
1026
1158
2396
1698
982
4975
170
3029
211
3566
1106
755
2150
4411
2117
426
1249
3552
4252
4523
1253
1632
2602
1221
2180
3883
2650
2983
1970
812
4006
3744
4685
1204
1163
591
3285
1966
2009
2051
2817
2797
639
1142
1369
2559
1664
2904
1464
2598
3677
2925
4153
2739
4940
2930
1099
4993
3262
1512
1241
103
4536
3349
1887
673
556
3349
1178
2725
4942
1478
3166
4046
1357
2690
2298
3141
972
4137
3077
4881
4443
4329
4738
472
4831
2568
1073
1250
4987
696
2480
3064
958
2366
3474
4055
539
314
2708
1471
1865
3538
1623
4324
3704
3027
4005
964
2165
1565
2598
3391
1833
728
1629
2603
2731
3043
2260
90
662
4850
3760
3593
317
3608
2698
1508
253
2835
2665
4489
1279
34
805
1413
3717
4656
1744
1917
1898
3931
1200
3124
2090
2169
463
2553
4505
4526
1251
341
4565
3825
3220
4320
54
462
589
3062
2513
2671
1290
2176
2552
1924
4427
4565
4120
3744
3667
98
3212
1766
817
706
2415
2621
4223
2675
2032
2537
3731
1652
3385
1698
2715
4204
4859
2353
4955
4922
3935
3139
1183
4218
3149
2402
344
2719
555
4447
4199
4897
3948
46
4396
3061
1732
4507
2146
2124
1976
1360
1331
1405
1279
4435
3617
116
4849
2625
3573
4185
4223
1717
4722
3387
4173
3585
1218
3310
59
1988
4698
1609
3551
4338
3953
1350
833
2998
1763
1868
604
1193
130
2808
3877
1541
2466
4677
3258
4371
4365
3042
560
4271
2364
3367
2058
4162
4350
1415
4956
4973
4463
2830
1265
4276
441
239
4970
1723
198
51
3105
2710
1287
4484
4417
3485
1466
239
4013
1598
1337
2900
3120
2577
4327
1031
1378
119
4943
738
4091
3440
36
2651
1798
4369
1356
2260
120
968
4101
1795
2750
2588
2519
4304
2778
3696
2698
931
2984
4740
4913
781
1057
4355
1183
135
3447
4208
1315
4208
4871
1903
2038
2421
4798
190
4054
2513
4720
513
2170
3659
3133
416
2858
4368
2370
2679
826
1593
2136
2166
1109
2600
2094
2676
2820
1943
4261
4090
4291
346
2612
2747
901
4761
3566
190
3415
4179
4743
1827
728
2190
4389
2545
796
3685
2557
538
83
2856
3732
4094
4860
2513
2051
984
1399
3679
1803
4634
175
2398
2080
3031
1607
54
996
489
2096
4674
464
167
3080
2172
2191
2495
1355
3177
305
3978
1646
662
672
4393
1050
216
3025
3255
4227
621
3781
3220
4602
3337
901
3874
4458
124
1558
3466
3660
2022
2608
4784
4010
1007
3504
1425
4964
4426
2653
1327
2530
469
224
5000
1796
4487
303
4000
4245
1320
3236
1981
4295
612
3960
4062
152
1706
4792
4870
262
4299
426
2048
642
543
3012
2137
1398
3231
3779
4194
3106
1620
1624
3749
2196
3656
4021
4728
1411
4450
1284
3890
4286
3448
1320
3160
2148
953
2872
985
4799
3018
1928
3109
2403
903
820
1285
2332
4181
1465
3411
1222
2192
2003
1772
2323
748
226
2579
1761
4833
2480
4183
2759
4828
389
475
2822
4957
725
4699
3994
4036
4774
769
2942
2279
865
242
2189
2745
2876
3323
4121
4505
4147
3991
911
4558
588
2927
2797
3217
1001
2550
941
4526
120
1907
4528
1457
4595
1562
1105
2743
1627
3766
4277
2143
3092
4584
3468
2736
4960
3348
916
1426
3011
4113
3875
2118
923
1467
4758
577
1836
1450
2191
2138
4962
4102
1868
421
4023
4957
1961
3869
4254
3944
2361
1753
500
3456
454
892
2032
489
2885
4423
4791
3048
2014
1158
1097
2112
3040
3362
2878
1737
290
1326
2848
1465
4709
2959
2106
1977
1996
800
3750
367
803
4759
1218
1871
3170
4581
681
4617
1060
570
751
1655
1088
1111
2177
2832
2233
1660
3459
673
817
1899
2628
555
4489
849
1953
3160
512
1845
3135
1180
4850
1794
3619
2284
4730
4776
255
1440
264
4545
4415
4374
3604
1495
3857
4087
841
3412
2385
1743
2281
555
1339
89
1693
1831
3852
4616
4188
4419
3137
3123
35
2394
612
3065
3082
1588
1631
3395
2924
4200
1333
3563
1121
771
224
4405
1805
3288
1164
4999
1675
1989
1082
1142
4140
89
1151
4451
3590
2920
4991
2312
680
4667
1556
3083
401
342
2382
684
2892
3656
1394
915
36
2256
3323
2828
74
763
3925
2761
3193
1336
4275
3633
2735
3238
4816
506
2047
3665
1226
1983
566
771
3217
4208
3101
4900
4604
1659
4913
1678
2658
409
2144
1874
205
3973
2146
4508
4154
3098
1752
2749
3100
821
3130
4939
1969
4437
2900
2586
2796
1072
4080
3083
1757
4862
142
867
2404
3587
843
1061
1271
970
4488
58
1895
2637
3973
1535
4397
1161
979
340
2928
1547
227
2700
4114
3557
672
1442
274
1606
1295
3521
806
2948
165
3171
4075
1014
3778
1066
1054
1280
2423
785
922
1123
4795
768
635
1911
1749
2019
224
290
2169
1814
4291
2679
631
4833
2468
3938
1100
2085
4475
3640
2835
2599
778
2741
4196
3510
59
2225
3776
2490
4617
3473
1716
663
956
1387
1910
2697
690
3686
4061
280
178
302
204
26
2562
4351
173
1066
2631
60
4253
3369
2270
2536
4196
2772
655
2713
653
2375
4947
4513
2533
1430
4154
2501
4797
4393
3127
2823
2776
4282
2722
4453
817
3547
2871
667
4162
4813
2138
3324
3501
3938
3021
3729
4309
1377
4324
696
4446
2411
3891
833
4228
292
2148
2578
3024
4570
905
2707
3038
1565
664
2977
2824
2970
28
36
2904
4835
3331
617
1481
1539
2736
1176
3636
2012
4312
4310
2079
614
71
687
955
4609
4207
724
2362
1932
1264
1370
972
3091
4077
1246
2036
3078
2188
2248
3476
3096
1519
2527
4981
4110
804
4330
2496
1050
4486
1094
1801
920
4323
3514
2632
458
4894
3373
186
3882
1095
1928
1643
3683
3281
1547
2917
650
749
748
2704
2522
3577
858
3279
4083
1139
4984
4852
4675
4868
1626
602
3823
56
2302
3740
1070
3675
1204
3703
3980
1323
687
2256
490
2947
1378
1868
2619
4306
4379
344
2888
1483
3660
3405
863
3978
3769
3231
647
3866
514
4489
4008
4404
2577
2219
2377
2190
4010
1899
3039
3169
349
501
2623
4834
4250
4300
639
1203
907
10
2297
292
3880
1856
2078
4273
870
1863
3537
520
514
2088
1144
2149
3661
4935
1428
2456
2502
3445
3971
1726
1407
3757
177
1641
4221
1421
1988
3725
1276
2764
3129
2019
2127
2085
1422
4192
643
2475
62
4258
805
385
2025
3105
4884
2376
2421
1480
2291
3344
638
1800
426
4201
3969
2225
588
3081
4147
1826
2808
1483
588
1372
4776
668
950
4331
837
806
4888
2428
1330
1062
504
1750
2350
3021
1599
1951
3801
1773
3336
2106
3150
565
133
478
2789
4068
3250
2366
165
3053
167
3053
4563
1429
1630
3448
247
1931
1168
4296
432
1354
4343
4582
1350
3107
4250
1656
4601
1662
4600
526
2316
835
1432
3244
3601
4717
3062
4503
1326
3113
3846
2889
2627
2781
3025
2553
4947
867
3091
2220
3490
333
2569
1789
3685
1792
20
1303
4041
1492
3384
4657
3604
993
3616
3498
1001
2890
2161
1205
3808
2773
1549
403
4064
2328
1878
3791
3427
4686
2734
1047
758
3262
4092
1565
2987
2835
1564
2060
1046
4980
3608
4721
4592
4996
3729
2118
4281
398
228
681
2057
2474
4263
2373
2082
2934
2345
3079
1744
4411
2433
867
2302
3338
3894
991
1179
1504
1537
1991
1071
4979
4930
2936
4802
1819
2443
1303
948
3314
107
1550
362
3070
4504
4263
2465
4142
3733
1668
2660
4396
601
4265
2859
3146
3259
1255
3886
2141
2202
2546
3027
34
4438
3076
545
1742
3712
3165
1376
691
1199
612
2683
4159
1712
510
4525
2882
1042
4415
3732
789
247
1114
3988
799
889
4085
1881
4844
442
2204
3672
4370
2198
735
276
2077
3076
3078
2168
1566
4922
2796
996
2861
1462
3856
4136
4885
3416
2726
3449
3329
4970
1342
3998
4605
1687
2711
3486
1773
1046
3608
976
2030
1353
3509
4174
2564
1123
1117
1563
3926
4285
664
1827
968
4871
38
4339
2082
2705
4982
4205
3106
1535
3298
1316
1899
478
3396
2772
1267
2709
2550
2934
3226
2931
717
4982
4901
1025
3823
769
3030
3431
2651
3763
377
1955
1154
1208
1020
3918
1154
2256
4722
1881
820
3180
2039
1938
4793
109
3180
2997
229
2387
3317
2763
2894
3113
2502
4826
1052
4454
3053
439
3240
280
130
465
2972
722
1402
135
1333
926
4851
1014
1299
4141
1044
3176
2730
1298
2277
1449
4914
2939
4082
452
2589
3602
1047
4888
2028
2546
290
4051
3000
186
321
1407
2004
1113
2127
3927
2163
3229
64
2104
4903
3795
2097
204
817
4020
529
2214
2853
2850
2527
2296
1759
3034
4934
3054
647
2673
890
2163
3750
1587
3738
4515
2731
3192
4530
2504
2898
2633
107
4123
4850
3314
1251
2195
4118
817
3120
1422
1559
15
218
383
2934
189
383
3471
971
3558
4051
1037
501
2846
1208
12
256
2961
2687
430
1753
3348
4387
1162
1699
2235
271
1423
3447
2416
2906
1037
1276
11
3075
2643
235
572
17
1142
1802
1786
4573
3868
4906
260
340
1605
3406
3590
4353
3625
2147
3781
4599
3188
3073
1537
4308
107
1510
3972
571
4382
1120
768
3298
3575
972
3989
3594
51
2718
3471
1833
911
4792
1227
1859
3279
678
327
3090
2440
3606
2771
174
1322
2660
260
734
3567
929
173
3545
2437
4057
4526
2499
2740
1150
2240
2364
1434
3701
4535
313
2042
1683
4131
3675
276
3444
4761
4418
3460
2036
1116
1772
2141
1656
1968
519
5000
1492
929
3652
206
1395
4343
4325
4454
3888
3215
4744
1106
3347
2144
2587
3194
694
373
2141
4586
4599
3696
4371
4509
4424
366
117
3892
295
2927
642
2398
1844
4332
3202
4060
1552
4207
2531
653
2339
760
2224
1334
2574
4678
1315
2318
4940
2347
3112
3724
3307
3837
627
2124
847
2201
1938
1378
3422
1731
1634
2833
774
2197
415
4484
4171
2526
11
4344
4399
3404
3917
2132
4278
2005
4593
228
3736
2398
2973
1807
2963
3822
2133
3504
736
1413
2331
3841
2589
416
4872
3045
1801
1975
4465
4338
240
1094
1994
4734
2365
3807
2009
601
2972
2529
1331
3798
2022
2389
2651
4343
490
3717
1423
1376
4091
2873
3712
698
1187
4839
3090
4944
1681
3702
1151
4889
4967
1301
2144
69
1948
551
2565
1426
3746
1138
3753
2123
2511
3091
3094
3126
3183
1959
4231
3388
4621
4038
411
3974
586
1130
1982
4150
73
1941
3327
2648
4445
2178
1306
658
764
1756
2216
4087
159
3243
3908
712
2798
1396
809
63
2761
2114
4396
2210
4883
267
147
3012
1323
835
129
3884
3244
1250
3886
4758
4364
1780
446
3689
3241
98
2102
4401
287
2374
3708
1522
1659
2686
158
3932
1830
1457
623
901
761
2638
2461
2796
1860
3818
3844
2598
1495
1384
167
2274
1542
672
3058
4519
1062
960
3321
213
4535
4504
140
4209
2763
766
3862
3347
1619
275
3640
2324
2647
4381
3921
2387
3602
4504
468
585
1273
1490
2993
529
2931
2832
2058
2142
595
864
3022
4748
4721
3177
1540
2576
3156
1611
147
1844
2722
4747
769
3874
2119
1781
1181
524
2095
2844
1860
125
2263
4497
4166
254
341
3726
343
2544
703
3550
1261
1422
2993
980
3416
3377
2295
3896
1867
2540
1731
4978
1156
798
1922
4916
4765
4867
2807
180
761
4470
1681
499
3230
2315
2339
1319
22
2629
3253
1667
4243
3904
3990
1650
1160
2577
3767
167
22
1171
1745
4689
106
973
1495
2980
906
618
1077
3002
4724
4468
1628
338
4360
723
4784
3382
584
3887
3697
4316
1474
2118
1159
213
1383
4043
3538
947
4905
4820
4287
164
3926
4156
4514
4561
1938
437
1620
185
230
1797
1692
3482
472
3289
4250
3293
3715
650
4012
758
2634
3920
3308
1975
43
4276
615
2633
4714
956
647
3451
2206
473
1266
988
2725
3906
4440
4067
2382
51
2438
4767
1954
4909
943
2239
3341
1759
4655
4639
4334
2476
4212
3862
3525
83
2925
1581
1945
964
3422
122
2924
1350
2995
1477
3150
1229
3730
3930
3240
3976
1034
1844
1033
2573
394
1556
4480
3977
2932
2391
3335
1455
3788
2175
189
1503
4686
3567
3494
3248
4628
4592
3585
4480
3955
255
2402
3623
1902
3756
3662
2874
733
2947
4993
560
9
2701
4523
1521
4502
1201
1873
3292
2670
3702
1616
526
3396
405
1397
3989
460
330
4294
392
4312
4553
2342
3178
173
2043
98
3947
2237
1840
1819
1745
4033
1728
4012
2199
2998
1212
444
1637
1877
3251
3924
833
1363
551
2948
3746
3477
3085
2429
3419
2949
4678
1935
4129
3950
2069
4284
2431
2058
2660
4554
1571
2666
4252
4567
3877
4496
4518
3721
4731
3030
630
969
396
3446
1043
4391
236
404
2034
2782
960
4385
1002
3263
2456
3554
2418
1513
2652
3124
617
4722
4754
4683
2227
2175
4322
4382
1964
466
4714
109
3615
3284
1649
2721
2535
347
937
2382
4104
2159
4282
1179
4906
3341
38
2748
3396
94
16
3154
3123
3216
1072
3287
3888
4796
3817
4869
2080
3529
4270
4623
4652
4666
117
599
3873
996
2891
2786
3122
2985
1782
258
533
2700
4291
36
2769
1560
1867
2892
2267
3896
1069
2645
3349
4296
3445
4482
1383
2438
3901
3752
3229
4722
3034
3219
2462
3770
2914
3935
4144
1797
2809
2294
2226
437
2170
471
4955
1
3040
3305
509
3007
2479
183
4999
472
4943
385
3506
334
731
3405
795
2118
4303
990
429
4000
2075
4507
4301
3865
3162
2758
3003
3528
377
4094
3892
1956
95
350
6
2057
1564
1296
17
41
2605
3958
973
4128
3929
656
2207
1306
2919
1421
3015
439
4494
1108
4533
3820
1561
1587
3948
4331
3855
3747
2409
1701
2633
3424
454
2315
1445
4609
740
4263
777
726
2953
4265
1664
1554
2362
2525
2753
1094
1826
3725
3039
2043
462
945
3212
378
3112
1406
134
2215
3787
1486
2827
1137
3178
1582
1700
780
1139
4089
3450
1230
1682
1
1907
3901
1573
2031
3824
2523
1683
3111
2987
93
1486
4389
4628
1175
4251
742
273
1063
2452
4290
844
1738
1536
2286
2100
3362
1045
3522
3285
1728
2233
4853
2469
1558
2965
4434
3644
2944
2177
403
3092
137
345
4539
2593
332
1017
4891
290
4883
4650
162
3389
1690
2640
2271
598
4486
2612
4986
3381
4513
1249
22
147
2598
3485
4102
1715
700
3088
1174
4571
816
2395
2000
3307
3642
3545
3730
4811
4577
1046
4671
3119
1306
826
4190
4372
3622
2460
2585
3673
2907
3860
896
4975
572
2917
2971
2447
22
939
1014
3149
3991
1275
2560
4
499
3640
3460
2704
3181
3631
1573
4533
1073
670
1512
280
3451
4412
4672
3921
2859
3473
3115
2534
2616
3424
2683
3601
2147
1582
2162
4705
2464
3360
137
3535
1394
3215
4730
2143
3952
2357
4462
1026
3207
4636
2774
1849
391
1369
3061
2684
2819
852
297
1584
1623
3249
4501
2165
4474
4169
735
3439
210
1303
1992
4155
3471
4133
2705
2812
4200
2666
296
532
3152
4090
2195
3161
988
4509
2518
415
2844
3366
1151
2829
3108
509
2761
3929
392
2582
