947
80
611
307
994
803
125
332
577
367
729
276
289
70
76
716
899
190
297
403
312
871
938
289
312
528
352
55
212
485
716
59
778
34
598
686
92
241
993
843
50
384
327
777
601
847
121
222
993
117
459
624
883
794
297
820
448
822
846
658
18
767
221
360
140
803
494
67
381
241
173
365
848
362
221
847
560
242
192
78
616
834
798
496
647
171
130
420
531
416
111
490
952
91
863
550
582
16
914
274
962
808
49
634
805
753
643
438
777
883
627
774
403
451
565
687
432
894
463
451
440
719
980
16
893
390
27
987
776
84
35
457
207
820
380
523
362
187
477
491
10
866
302
794
143
759
595
23
885
111
127
315
887
690
481
963
724
37
54
980
748
186
991
132
730
610
706
826
357
168
610
773
375
703
749
892
920
262
264
378
169
558
655
452
654
551
91
933
194
167
300
348
783
194
143
575
303
391
236
801
223
747
574
751
92
77
770
31
369
693
700
367
5
673
551
265
935
292
94
950
982
743
118
855
321
59
370
197
504
390
310
735
942
272
145
90
621
258
673
457
551
96
412
123
292
588
629
930
125
831
262
931
581
49
978
91
630
9
724
16
272
200
576
927
996
805
642
824
525
514
373
546
387
803
113
767
475
903
631
543
568
749
167
287
515
741
716
285
582
254
834
48
232
108
447
81
742
566
971
43
882
659
206
866
81
72
44
113
428
147
307
946
469
858
86
532
958
998
359
755
719
371
158
298
207
982
288
104
284
368
105
882
750
686
822
139
760
714
437
979
860
414
734
335
237
89
302
532
299
692
182
553
448
705
379
256
703
485
424
345
411
301
498
995
295
308
72
613
966
593
412
943
862
375
403
213
935
29
466
401
468
45
885
746
724
651
913
875
441
579
829
329
528
53
757
34
942
118
221
547
601
265
432
357
646
298
739
633
649
373
81
262
332
660
921
834
527
256
501
827
750
285
719
894
190
974
311
896
18
913
812
760
813
93
311
418
669
184
499
443
957
411
122
757
522
147
523
537
220
329
254
762
406
350
189
576
364
853
515
3
621
916
775
357
181
248
145
43
754
211
828
633
302
115
240
735
55
504
797
425
858
701
848
295
946
476
527
183
866
299
62
181
456
753
258
532
592
242
17
750
279
980
844
59
811
529
214
299
940
413
764
85
279
71
599
401
821
252
947
9
511
17
206
878
384
391
671
561
181
575
186
821
499
874
290
957
49
439
593
603
150
176
899
315
785
649
92
849
37
597
617
727
522
278
618
290
922
241
325
299
16
836
412
295
287
824
504
890
92
655
275
830
91
636
304
812
430
789
352
793
390
380
698
930
82
40
44
259
202
363
821
387
82
483
603
745
850
833
319
238
108
357
394
604
280
322
827
844
942
686
991
309
894
765
471
441
4
39
52
645
254
840
464
230
440
909
448
779
584
798
914
609
349
190
22
902
798
89
535
657
297
861
585
168
392
202
815
463
459
423
786
200
186
255
571
110
285
780
414
378
158
513
752
794
706
502
861
945
578
312
290
854
463
605
152
188
494
496
835
443
66
760
440
110
939
303
389
258
397
924
27
674
923
178
444
839
212
443
856
42
372
481
736
100
792
519
732
543
28
756
457
1
615
214
242
713
590
364
144
646
713
198
871
896
364
767
363
372
154
926
548
151
319
955
274
897
136
786
21
43
739
820
160
302
822
274
952
831
215
732
89
552
755
459
828
259
962
961
660
117
802
208
583
574
93
684
31
503
251
801
675
217
771
462
468
129
234
759
388
278
888
251
124
276
419
906
877
84
778
646
216
54
830
254
923
919
858
539
172
744
97
119
705
407
967
496
575
679
352
623
431
71
30
855
691
807
414
2
47
586
130
98
65
726
517
205
118
771
729
643
575
944
361
330
495
128
831
227
92
46
974
301
112
887
555
518
216
152
637
161
94
774
775
9
994
635
973
939
725
354
858
340
111
302
337
507
65
434
770
480
294
337
308
392
616
401
400
663
46
511
962
88
258
908
163
762
325
877
165
758
713
554
322
375
139
921
919
980
82
484
697
128
476
114
492
115
381
912
390
341
924
630
67
950
504
650
748
36
180
774
267
941
891
664
585
212
797
231
956
369
703
421
191
357
57
252
506
845
490
181
614
575
343
928
929
128
145
356
331
301
931
818
588
529
418
787
632
181
157
715
865
737
77
151
558
417
414
705
86
842
765
362
934
371
500
693
667
438
628
193
47
124
515
10
882
202
110
163
790
292
889
157
20
14
876
563
561
603
346
666
